C:\Module89_unicorn3\chessDetection/custom_dataset/train/00bc0cacffdebe6b11bdeec56f63ee49_jpg.rf.fbcc3af401eca6bf01b4d031af33c1fc.jpg 1012,206,1127,436,0
C:\Module89_unicorn3\chessDetection/custom_dataset/train/0115e4df73475b550e5c6f7a88b2474f_jpg.rf.c759321c26b9bc9c38b31cd49533d350.jpg 992,1,1101,204,1
C:\Module89_unicorn3\chessDetection/custom_dataset/train/02f0931b536dfba10affc3231a3d64fb_jpg.rf.3a714622550c2311f7843cd103a50be3.jpg 1040,503,1144,686,2
C:\Module89_unicorn3\chessDetection/custom_dataset/train/0301b7f9ed4d5ba503fda79fc4370c29_jpg.rf.fbdf213f256c973bcb79f186728a898f.jpg 861,688,956,832,3
C:\Module89_unicorn3\chessDetection/custom_dataset/train/03886821377011fec599e8fa12d86e89_jpg.rf.bca01af1df978ad9092f057443798ad0.jpg 1044,551,1137,689,4
C:\Module89_unicorn3\chessDetection/custom_dataset/train/03d3ff4582c8125d69c19a72f846bec8_jpg.rf.c4c2b8da2df7fad6565ec5a1ab9453a2.jpg 1534,301,1675,518,0 1543,382,1697,632,5 1602,584,1725,766,6 1495,207,1601,376,6 1468,108,1583,264,7 1619,753,1769,915,7 1652,920,1798,1094,8 1470,20,1570,160,8 1313,28,1394,156,4 1326,138,1405,263,4 1347,248,1432,377,4 1364,356,1447,486,4 1383,486,1479,617,4 1401,629,1507,768,4 1436,773,1534,920,4 1463,940,1569,1085,4 327,268,447,496,9 294,369,429,630,1 352,187,449,369,2 278,582,389,758,2 379,88,483,258,10 285,732,410,921,10 223,934,360,1116,11 386,1,480,143,11 542,127,629,257,3 549,16,629,146,3 540,241,623,371,3 525,357,613,494,3 523,495,615,628,3 501,639,594,769,3 494,773,594,912,3 455,936,579,1085,3
C:\Module89_unicorn3\chessDetection/custom_dataset/train/040f2bcba5afce3afafdd5bbf36d2ca5_jpg.rf.6e3358605c2734735af18f31e571692c.jpg 508,156,627,305,3 849,496,971,687,2 263,280,419,561,1 648,85,777,329,9 833,381,956,556,11 857,784,994,997,10 474,381,589,543,3 666,686,787,853,3 497,10,615,183,8 432,778,572,994,7 1488,272,1670,554,5 1053,830,1169,994,4 1159,404,1259,560,4 1187,656,1302,827,4
C:\Module89_unicorn3\chessDetection/custom_dataset/train/04aed88a8d23cf27e47806eb23948495_jpg.rf.985c4b231ab28487d4345ab040afb94c.jpg 980,169,1092,335,8 1001,396,1091,543,4 1010,572,1163,847,5 646,293,771,560,1 491,495,621,691,2 832,390,930,541,3 470,839,578,997,3
C:\Module89_unicorn3\chessDetection/custom_dataset/train/055b79dd8db4c43e1a23be6095aaf624_jpg.rf.67a8ff4aee8a2f00af03b3f98977c676.jpg 869,1005,998,1187,7
C:\Module89_unicorn3\chessDetection/custom_dataset/train/05de676d5078dc0a13796f3f627993ef_jpg.rf.0a8e65da4f29d2a28325d3f020988eaf.jpg 1229,654,1352,844,7
C:\Module89_unicorn3\chessDetection/custom_dataset/train/06770ce99d4866165c0dfb104179c361_jpg.rf.d8685d4639672391538d33e57ff87a85.jpg 870,817,982,1000,6
C:\Module89_unicorn3\chessDetection/custom_dataset/train/0798bfb058da59d189c1bfadcf814f29_jpg.rf.4b02423be86fa6dc14a4913de966a5dd.jpg 634,287,772,559,1
C:\Module89_unicorn3\chessDetection/custom_dataset/train/0b4ba28f0c759a11750a6430649b52e3_jpg.rf.c840c64b42f1edd63fd63024fed5ec8b.jpg 1007,90,1117,313,9
C:\Module89_unicorn3\chessDetection/custom_dataset/train/0cf670506bf9e0fe587647cd62caa232_jpg.rf.411e40b679800ecff1e2c440035e3722.jpg 852,585,982,845,5
C:\Module89_unicorn3\chessDetection/custom_dataset/train/0d9dbf62d5ee42b92bf55197bba4254d_jpg.rf.d6c9eae5e5bed8f41ba7302bcd00064e.jpg 218,1011,375,1192,10
C:\Module89_unicorn3\chessDetection/custom_dataset/train/104ec0199cb67e1a359b1b0845ee66f3_jpg.rf.be5abecc546e16851c415aaaa6119d2d.jpg 856,370,956,551,6
C:\Module89_unicorn3\chessDetection/custom_dataset/train/13106bbc80a01cc413c2ab5052d2ec25_jpg.rf.c0f851bdf9bd534e5d972ecf341aedb6.jpg 841,492,967,693,2 827,372,961,557,11 644,78,782,324,9 856,789,1010,990,10 675,683,787,858,3 518,162,618,307,3 468,384,592,540,3 254,273,418,562,1 502,8,619,185,8 401,768,570,991,7 1492,275,1665,549,5 1153,399,1262,552,4 823,659,936,818,4 1051,836,1170,992,4
C:\Module89_unicorn3\chessDetection/custom_dataset/train/1595777dfa66e954ae23655743e24809_jpg.rf.ce144eded98c26dadbeca8e80df31963.jpg 1331,286,1507,569,5 1431,73,1594,309,9 846,494,971,699,2 824,373,967,560,11 501,8,616,185,8 255,274,427,565,1 506,148,626,302,3 668,690,792,846,3 474,380,586,543,3 654,527,769,682,4 1154,394,1269,550,4 1059,832,1169,994,4
C:\Module89_unicorn3\chessDetection/custom_dataset/train/1728cd731489df8bb8e0396e178fe393_jpg.rf.19f2e7a6596a0e98b9279154f1a31075.jpg 1490,276,1663,553,5 824,369,955,557,11 657,483,790,685,10 845,486,965,699,2 643,79,781,322,9 262,270,425,564,1 504,158,622,302,3 475,387,587,543,3 669,688,785,852,3 493,8,621,189,8 1157,394,1265,556,4 821,668,940,818,4 1052,832,1175,995,4
C:\Module89_unicorn3\chessDetection/custom_dataset/train/1877a28e4c5f5c1ea68aca66f4e85d95_jpg.rf.263a83e7c95a2a7b3df541c43f3bd3f3.jpg 1535,302,1672,513,0 1543,380,1685,635,5 1399,751,1509,940,6 1489,197,1591,381,6 1643,911,1791,1100,11 1468,15,1567,174,11 846,453,961,631,7 1164,91,1259,270,7 1323,145,1403,259,4 1305,18,1391,149,4 1404,631,1500,765,4 1381,484,1476,622,4 1338,241,1424,379,4 1018,342,1098,484,4 1211,773,1312,920,4 1267,937,1374,1093,4 369,1,478,147,11 452,927,587,1109,11 277,365,427,633,1 306,267,454,495,9 264,576,390,766,2 690,1,793,150,2 690,180,802,362,10 272,730,416,920,10 866,936,975,1083,3 496,633,591,767,3 481,771,597,915,3 518,493,613,634,3 851,348,940,480,3 835,131,924,260,3 533,235,622,374,3 539,14,630,153,3
C:\Module89_unicorn3\chessDetection/custom_dataset/train/196829feb704a34a4e471155f14bdd80_jpg.rf.9490ff7a9097c948107e432f3934b128.jpg 1036,416,1123,551,4
C:\Module89_unicorn3\chessDetection/custom_dataset/train/1a530d578f3f0bf3497bfeff3d953025_jpg.rf.e666096a1e6aef9c410fe0a5caff68a4.jpg 253,416,407,696,1 344,38,463,211,11 322,105,443,308,2 219,816,371,1012,2 272,654,398,845,10 661,359,771,541,10 639,84,770,325,9 798,44,898,193,3 801,267,903,412,3 511,154,610,302,3 482,392,586,539,3 477,529,594,679,3 441,836,570,993,3 1000,450,1128,705,0 673,645,798,847,6 1156,363,1279,560,7 1237,784,1371,1009,7 1501,270,1662,540,5 1276,24,1387,213,6 1443,32,1556,205,8 1580,643,1721,840,8 1458,999,1581,1154,4 1349,402,1451,547,4 1131,166,1231,319,4 1004,287,1100,434,4 1190,657,1296,813,4 1055,835,1162,998,4
C:\Module89_unicorn3\chessDetection/custom_dataset/train/1a8a4abcba7c4ead35c01f05b9fae8e5_jpg.rf.8e60639ed4cbd253966be89b5a242834.jpg 1669,985,1816,1166,8 1448,39,1557,187,8 1381,452,1511,684,0 1502,279,1662,543,5 1602,656,1745,836,7 1184,378,1305,560,7 1464,124,1576,308,6 1018,362,1114,548,6 1464,1002,1583,1157,4 1354,402,1445,543,4 1135,169,1225,317,4 997,53,1083,191,4 1008,292,1094,433,4 1045,542,1138,685,4 1182,673,1277,825,4 1062,835,1166,999,4 263,424,414,689,1 665,363,782,548,10 261,660,400,841,10 646,973,780,1164,11 357,43,459,207,11 327,112,438,307,2 235,818,360,1010,2 497,192,634,417,9 521,160,604,303,3 493,394,582,533,3 805,47,893,189,3 807,265,902,411,3 484,532,585,673,3 454,844,562,992,3 864,1003,975,1161,3 831,694,932,845,3
C:\Module89_unicorn3\chessDetection/custom_dataset/train/1b4ccdf7d5ff45dc6c3885243bde5af2_jpg.rf.3ad9dc5fdd86856e5dc10e776f695818.jpg 629,282,771,558,1 452,829,590,1005,3
C:\Module89_unicorn3\chessDetection/custom_dataset/train/22e74efb18b2d88fba63d25a61bf5f97_jpg.rf.72cda26bc69e8611a023dea25871bb26.jpg 1488,261,1660,556,5 1107,28,1225,210,8 975,213,1114,426,6 1342,391,1453,549,4 1185,659,1305,825,4 1055,822,1176,997,4 799,168,917,331,4 643,497,789,706,7 421,766,574,987,7 400,971,556,1181,10 337,36,469,213,11 643,81,776,325,9 250,280,424,557,1 836,478,963,694,2 663,372,769,527,3 506,154,621,304,3 475,380,596,544,3 654,686,793,857,3
C:\Module89_unicorn3\chessDetection/custom_dataset/train/23988893ef7381fece6d1ef32ef5428f_jpg.rf.c5e09b6b2996b5453a95e7facd4b4683.jpg 1470,35,1567,208,7
C:\Module89_unicorn3\chessDetection/custom_dataset/train/239c409d5c09b493fed01a70a3cda4bc_jpg.rf.a745921b91958a16c18c92b259aca5ea.jpg 1154,96,1264,270,7 849,441,960,633,7 1391,751,1519,935,6 1499,210,1610,395,6 1544,372,1696,643,5 1642,906,1793,1105,8 1153,9,1254,166,8 1170,288,1286,516,0 1315,134,1404,263,4 1337,248,1430,386,4 1396,628,1505,763,4 1385,482,1479,620,4 1211,771,1319,925,4 1268,940,1372,1095,4 1018,26,1105,157,4 1013,349,1100,483,4 689,1,796,148,2 280,368,428,637,1 260,577,384,759,2 312,264,457,502,9 454,924,590,1115,11 371,1,486,151,11 268,721,411,917,10 691,183,795,361,10 846,346,942,486,3 828,121,927,265,3 539,7,628,152,3 533,235,623,374,3 510,493,613,628,3 492,639,597,771,3 488,770,593,914,3 863,932,970,1075,3
C:\Module89_unicorn3\chessDetection/custom_dataset/train/247f9cf35a263dc7dd7886b187fd5480_jpg.rf.d77e03ae61805408a2c3f81f2217d3ca.jpg 1448,41,1569,205,10
C:\Module89_unicorn3\chessDetection/custom_dataset/train/254f92b18b2a81f88b85e7aed3cabc61_jpg.rf.a5d3749856054f63addc3c8282336d11.jpg 1664,991,1833,1164,10
C:\Module89_unicorn3\chessDetection/custom_dataset/train/26d663ab5ffbec49f9dc8e592982cfd4_jpg.rf.b18d279ba4125fd80a1d12ac0e771a97.jpg 335,32,476,206,11 335,32,476,206,11 247,403,427,709,1 639,76,777,327,9 317,108,439,310,2 663,484,801,689,2 391,963,563,1195,10 510,148,606,313,3 474,391,586,541,3 469,518,586,683,3 668,692,795,856,3 1493,271,1666,563,5 825,963,980,1182,7 1177,124,1280,315,6 835,243,965,433,7 1115,27,1225,202,8 970,133,1091,314,8 808,174,904,322,4 1458,991,1592,1154,4 1350,400,1454,547,4 1188,664,1297,820,4 1056,832,1173,992,4
C:\Module89_unicorn3\chessDetection/custom_dataset/train/285d7c487a4e20ad832a74acb527b77f_jpg.rf.8925934caf22a38a85af6fd60453f502.jpg 246,410,432,692,1 670,693,796,849,3 469,392,591,544,3 658,528,773,684,4 1047,827,1176,995,4 1158,390,1259,549,4 1337,310,1494,570,5 1454,145,1572,316,11
C:\Module89_unicorn3\chessDetection/custom_dataset/train/292b0ddcacad7de06a628980954b6993_jpg.rf.c44c0299e2b2a05ba93ceadcd8e8568a.jpg 292,368,426,635,1 1543,377,1690,637,5 324,264,454,498,9 1535,298,1677,521,0 271,734,415,919,10 855,446,967,630,7 1160,88,1256,271,7 272,582,388,764,2 703,178,800,360,10 462,929,586,1110,11 346,189,448,369,2 1491,202,1585,381,6 1396,752,1512,930,6 1651,920,1795,1091,6 1472,15,1569,163,6 871,943,974,1090,3 1217,771,1322,917,4 1273,943,1374,1087,4 481,637,597,779,3 380,1,477,143,11 478,776,598,917,3 502,492,620,630,3 543,12,629,150,3 533,238,628,375,3 1401,629,1503,765,4 1014,342,1106,477,4 1345,245,1431,379,4 839,125,924,259,3 519,359,614,491,3 1324,137,1409,264,4 1313,23,1392,148,4 1387,479,1483,624,4
C:\Module89_unicorn3\chessDetection/custom_dataset/train/2c32afd520cc8bf076dfa5b6e2e1c4c1_jpg.rf.e9ad14fa3330976595bbd5162e607641.jpg 861,542,956,682,3
C:\Module89_unicorn3\chessDetection/custom_dataset/train/2ee0fd0963465ba29d8f27c6e605c55d_jpg.rf.416ed5a06f9bae303c04fb48287f167f.jpg 1079,989,1195,1179,2
C:\Module89_unicorn3\chessDetection/custom_dataset/train/2fe75c34fd54e960146fb8b0ad8b3fd6_jpg.rf.9b91df20f1a711da331d1878d5687f13.jpg 1012,259,1123,425,10
C:\Module89_unicorn3\chessDetection/custom_dataset/train/300f80826bbb7dc4bf83e148614f2f77_jpg.rf.4a030c3f3f66357883fd1b9ae35cb892.jpg 1005,69,1088,203,4
C:\Module89_unicorn3\chessDetection/custom_dataset/train/3057eba7e9b0221ddbdc96a01f39ab79_jpg.rf.99cea19d83ccb4944b34919888dd0b71.jpg 1009,93,1114,317,0
C:\Module89_unicorn3\chessDetection/custom_dataset/train/3091c9b25d76e9cbd0af83ced9f354e5_jpg.rf.a96c979a388355dec7d4f832c0027f12.jpg 1466,49,1586,207,7
C:\Module89_unicorn3\chessDetection/custom_dataset/train/31419854b103ca6becc4cc394c449e95_jpg.rf.11b00b871f708bbe4d1421a0d9bc9daa.jpg 1024,328,1143,557,9
C:\Module89_unicorn3\chessDetection/custom_dataset/train/3161933dffedf8a859d6623a99492c53_jpg.rf.c58eabf189045a84e3c4389cebbcb9ec.jpg 865,543,974,710,8
C:\Module89_unicorn3\chessDetection/custom_dataset/train/3474d785b1b21d68163f56aa00a92bc9_jpg.rf.6bd40b33320a982005920d6d2d680c64.jpg 1642,894,1798,1109,8 1565,529,1743,810,5 1161,285,1290,522,0 1339,240,1438,390,4 1378,480,1487,627,4 1221,616,1333,765,4 1035,21,1106,154,4 1009,345,1110,486,4 843,446,972,635,7 990,94,1097,278,10 849,723,968,922,2 471,370,625,639,1 683,276,804,525,9 666,571,794,770,10 373,1,482,150,11 534,8,630,146,3 534,225,637,368,3 851,345,943,479,3 852,935,974,1086,3 480,768,598,917,3 442,924,602,1114,11
C:\Module89_unicorn3\chessDetection/custom_dataset/train/34ad1966ae7a17d4502ca141413ed8d2_jpg.rf.537d7ed41b558d70e1324f7ca1852ae0.jpg 1028,461,1149,695,9
C:\Module89_unicorn3\chessDetection/custom_dataset/train/36066ba85572ce99198f1a21c2c8bbff_jpg.rf.0b8c6b6b4c05ac617ba42138acb75757.jpg 1467,127,1568,305,6 1021,359,1120,537,6 1398,452,1503,678,0 1506,280,1653,537,7 1668,980,1817,1170,8 1435,35,1542,196,8 1599,656,1746,842,7 1356,401,1443,541,4 1181,380,1302,567,7 1298,60,1384,196,4 1138,174,1227,313,4 1011,290,1097,432,4 1033,544,1137,687,4 1471,997,1577,1151,4 1181,676,1278,823,4 1058,840,1166,991,4 663,360,780,540,10 647,973,778,1160,11 357,47,456,206,11 326,111,438,304,2 225,813,358,1006,2 262,426,408,696,1 812,268,901,408,3 492,191,630,418,9 804,53,890,187,3 515,159,601,291,3 485,397,584,536,3 482,526,589,675,3 462,847,557,985,3 838,681,931,839,3 865,1008,979,1156,3
C:\Module89_unicorn3\chessDetection/custom_dataset/train/3730ef213ac6aad431475a9ab28f349a_jpg.rf.f5f1fbb4d67fe92ce0d9acaa098cf5ac.jpg 1152,13,1263,165,8 1648,906,1798,1096,8 1515,368,1697,639,5 1153,286,1292,520,0 1317,124,1409,268,4 1345,241,1432,386,4 1380,482,1484,624,4 1400,624,1501,769,4 1004,344,1102,483,4 1018,22,1110,163,4 1163,90,1258,269,7 842,446,969,639,7 454,927,590,1117,2 256,577,393,766,2 357,1,485,151,11 274,362,430,639,1 658,292,814,522,9 693,171,800,357,10 265,727,414,921,10 848,346,939,489,3 530,8,630,151,3 536,222,640,371,3 470,766,604,923,3 849,927,978,1086,3
C:\Module89_unicorn3\chessDetection/custom_dataset/train/3796db002cba7265bd32b0161ddd9127_jpg.rf.d39211b0dcef15258c6b963af339174e.jpg 1450,46,1562,208,7
C:\Module89_unicorn3\chessDetection/custom_dataset/train/37fe05bcf7d8568a9e55b569afdbccbd_jpg.rf.cf1a8be3a1ab89adc512c7969c0f1858.jpg 851,260,961,431,7
C:\Module89_unicorn3\chessDetection/custom_dataset/train/383c2ed7bbe2d327ab55a871db497c33_jpg.rf.52c7e74ebf109fe309e4b5c4def80ab7.jpg 1669,965,1808,1168,10
C:\Module89_unicorn3\chessDetection/custom_dataset/train/389b4c47568c78c44df11dbb1377ffea_jpg.rf.cf94bc4ad387c2217d8cdf5402adcc1b.jpg 855,244,950,427,6
C:\Module89_unicorn3\chessDetection/custom_dataset/train/38f26ee82e38d332b2a831aa47bd363b_jpg.rf.69b9f7a3e7a10d7cdea51d7d7f01ba63.jpg 1017,299,1141,557,1
C:\Module89_unicorn3\chessDetection/custom_dataset/train/3914be0cea4aa8a6bbd1081ec3b034a7_jpg.rf.683bc62edd79c5db6b8b1dffcefc8d3f.jpg 1184,253,1288,428,7
C:\Module89_unicorn3\chessDetection/custom_dataset/train/3bab0eaaeb63a2ac9ae4942df4006a25_jpg.rf.1e2bc93d96300515f87808e09a5dd9a0.jpg 1492,274,1650,549,5 1570,636,1715,819,8 1446,32,1556,205,8 1161,365,1279,558,7 1237,794,1382,1003,7 1455,995,1577,1153,4 998,463,1133,702,0 1132,163,1235,317,4 1355,400,1451,548,4 1186,665,1294,818,4 1068,838,1163,991,4 1005,290,1106,432,4 1283,15,1390,204,6 674,637,800,840,6 646,83,773,321,9 249,417,423,697,1 417,975,558,1187,10 350,33,455,205,11 332,106,441,302,2 219,805,363,1011,2 656,355,786,550,10 793,44,897,193,3 804,259,902,412,3 510,155,611,302,3 481,392,582,535,3 475,524,588,681,3 457,835,568,989,3
C:\Module89_unicorn3\chessDetection/custom_dataset/train/3e8fb24addda1a0945bd6b7777bc4018_jpg.rf.ec3432947d47720924cbb0dbf51956ba.jpg 1170,120,1287,316,6 1489,264,1664,549,5 993,253,1123,421,8 833,253,963,433,7 821,961,981,1178,7 1454,980,1587,1162,4 1104,26,1227,201,8 1340,393,1456,545,4 1054,832,1167,997,4 1181,654,1306,820,4 957,159,1060,310,4 812,165,906,323,4 251,419,421,704,1 646,78,772,320,9 399,972,567,1190,10 347,34,468,207,11 323,107,443,308,2 669,487,793,685,2 795,44,897,193,3 507,155,613,301,3 479,390,589,545,3 476,521,593,684,3 669,689,786,853,3
C:\Module89_unicorn3\chessDetection/custom_dataset/train/446e75de1ffefc2115e79696bcf0e357_jpg.rf.3515dc451efed9a872f9268f3e9eb744.jpg 1678,999,1841,1172,7
C:\Module89_unicorn3\chessDetection/custom_dataset/train/4667110b61b16e786673ed6126ccc35d_jpg.rf.8dd3ddf202a5cb346771cb4461f82884.jpg 1021,243,1116,425,2
C:\Module89_unicorn3\chessDetection/custom_dataset/train/479459fe5c8213a84fd55ba82f2670b1_jpg.rf.f481d875b91a96ca7982bfb5ba10e167.jpg 1534,299,1673,512,0 1538,378,1685,632,5 1600,588,1715,766,6 1496,205,1593,377,6 1464,114,1583,265,7 1620,758,1767,922,7 1473,21,1568,160,8 1650,921,1788,1093,8 1462,941,1566,1079,4 1433,774,1534,912,4 1411,633,1499,764,4 1386,490,1477,623,4 1359,359,1452,487,4 1343,246,1425,377,4 1321,141,1406,262,4 1314,25,1395,151,4 329,269,455,496,9 296,369,427,630,1 348,192,447,371,2 276,581,388,759,2 382,87,486,260,10 277,730,410,922,10 231,933,359,1115,11 385,1,479,141,11 550,12,628,143,3 542,129,628,250,3 537,243,622,376,3 519,355,617,490,3 522,495,618,630,3 486,636,597,776,3 491,773,595,917,3 462,945,574,1086,3
C:\Module89_unicorn3\chessDetection/custom_dataset/train/47e842dd95735a11cf92c0ddf1161193_jpg.rf.fa045b4cdedb6dbeea6226d5e5d58a5c.jpg 356,28,471,192,7
C:\Module89_unicorn3\chessDetection/custom_dataset/train/4807629b8df9c7eb4366b7feccd72e6a_jpg.rf.7d7f1b6fcb45b82fca8e8d6ce7ae33a9.jpg 1014,38,1105,212,7
C:\Module89_unicorn3\chessDetection/custom_dataset/train/4894f034a55eaa9252cd261a62b11d27_jpg.rf.5821daba2605c369ab52a6c1d3485b2a.jpg 1488,272,1650,568,5 1021,635,1170,841,6 1366,662,1487,827,4 1006,401,1131,557,4 281,380,458,697,1 662,113,787,318,6 643,662,772,826,3 984,2,1108,197,2 1289,140,1420,309,8
C:\Module89_unicorn3\chessDetection/custom_dataset/train/48d3c59a99b2b5a5b9f1eb7d5ba63b60_jpg.rf.4360a206e865320f4f5dddea12152bf6.jpg 1644,897,1800,1106,8 1011,11,1117,156,4 1532,365,1705,650,5 1155,277,1293,523,0 1373,487,1493,625,4 1328,248,1442,384,4 1312,128,1410,271,4 1015,342,1110,489,4 1227,629,1342,785,4 830,447,973,640,7 840,727,978,928,2 674,271,809,530,9 984,89,1102,289,10 261,727,421,929,10 270,362,431,638,1 354,1,488,156,11 446,923,602,1113,11 479,766,599,925,3 844,341,954,488,3 535,5,633,152,3 534,236,642,372,3 861,925,990,1090,3
C:\Module89_unicorn3\chessDetection/custom_dataset/train/48e115dcbf1b3a67ca47a75a92da3f33_jpg.rf.b7f219d6adc0b92d43dc62bd98ee752b.jpg 1676,969,1814,1167,10
C:\Module89_unicorn3\chessDetection/custom_dataset/train/4939035108d04ee672570a7cc937e270_jpg.rf.6fade1d3dc27011193c2fa8b9c10bd12.jpg 1555,297,1676,493,0 1544,381,1704,631,5 1509,210,1614,383,6 1587,599,1707,772,6 1473,106,1585,262,8 1620,747,1766,925,8 1473,19,1571,166,8 1643,920,1795,1095,8 1309,26,1393,154,4 1320,135,1407,261,4 1337,244,1430,374,4 1357,345,1449,490,4 1391,478,1476,618,4 1414,617,1503,763,4 1439,769,1534,913,4 1462,928,1568,1086,4 320,271,452,496,9 289,370,428,631,1 342,192,449,368,2 267,573,389,761,2 355,97,467,259,10 251,759,389,944,10 226,926,364,1118,11 376,1,481,146,11 531,19,626,139,3 530,128,627,253,3 529,241,624,373,3 503,357,618,492,3 502,493,618,636,3 478,638,597,768,3 474,773,599,917,3 452,941,576,1083,3
C:\Module89_unicorn3\chessDetection/custom_dataset/train/49c2afbbe5726160b289f7c0c62cdace_jpg.rf.018249b80783dd42d0d23496d4830902.jpg 520,170,603,295,3 1356,405,1443,540,4 1508,268,1653,548,5 1006,295,1092,418,4 498,68,607,209,3 1129,175,1227,308,4 1451,134,1563,308,6 494,202,637,377,9 499,370,615,539,3 1302,72,1388,194,4 803,269,895,414,3 258,438,401,684,1 319,126,452,330,2 991,384,1117,557,7 328,42,462,242,11 831,689,952,840,3 1171,359,1291,550,7 1380,479,1527,691,0 1067,829,1184,973,4 459,842,563,984,3 1422,51,1529,186,8 1174,667,1283,825,4 1666,970,1813,1166,8 207,807,350,1000,2 1585,657,1749,826,7 250,646,395,846,10 653,352,777,545,10 473,500,599,673,3 1028,546,1139,698,4 839,990,966,1152,3 645,971,786,1168,11 1473,988,1585,1143,4
C:\Module89_unicorn3\chessDetection/custom_dataset/train/49d365236ee4fb6bd982b0f00bff007e_jpg.rf.a2679c37a0afa53ab1a9394ff0585f46.jpg 1509,278,1655,541,5 1374,456,1514,700,0 1654,982,1813,1165,8 1444,36,1561,198,8 669,644,799,840,6 1280,13,1387,206,6 1183,373,1299,568,7 1257,815,1392,999,7 1164,671,1284,828,4 1452,1000,1578,1154,4 1354,402,1443,549,4 1139,172,1225,318,4 991,55,1088,197,4 1008,287,1103,438,4 680,549,774,693,4 1062,835,1164,991,4 351,44,455,204,11 642,970,774,1166,11 494,190,632,420,9 257,427,405,689,1 326,115,439,304,2 225,816,364,1006,2 258,659,410,841,10 663,363,780,541,10 807,263,905,411,3 796,47,891,190,3 511,162,609,297,3 487,395,585,542,3 447,839,563,995,3 477,522,587,676,3 836,691,933,844,3 854,1007,973,1167,3
C:\Module89_unicorn3\chessDetection/custom_dataset/train/49f78dc9aaeadd0c76ed2def75c358f3_jpg.rf.06d058407b83ba70ad2e41656d9d2195.jpg 857,749,990,1010,5
C:\Module89_unicorn3\chessDetection/custom_dataset/train/4ae38537a74c5ed10d5223f8066659fc_jpg.rf.b8e4020f3f188e6ebe715200d8db0c27.jpg 864,396,968,555,11
C:\Module89_unicorn3\chessDetection/custom_dataset/train/4bf38c062fa7b5796d15ba90d6c3a456_jpg.rf.ca8cb7f5c79fb302acc4a6bd81e0b9a6.jpg 852,151,949,308,11
C:\Module89_unicorn3\chessDetection/custom_dataset/train/4d6b667ecbd41ebd603b38848366d9d0_jpg.rf.e51e6ab1c441b8766bf8503333a69db9.jpg 1445,35,1557,201,8 1660,981,1814,1168,8 1508,277,1656,546,5 1386,450,1520,676,0 1357,401,1441,544,4 1467,998,1580,1148,4 1600,664,1747,837,7 1188,374,1300,563,7 1287,20,1389,205,6 995,364,1119,554,6 997,56,1083,193,4 1140,173,1227,312,4 1008,293,1103,437,4 1048,539,1139,682,4 1180,673,1277,825,4 1058,836,1169,993,4 660,359,781,545,10 252,658,407,838,10 266,428,411,692,1 226,817,362,1007,2 326,117,442,302,2 358,43,456,210,11 642,973,780,1163,11 451,841,559,992,3 478,532,589,670,3 486,400,589,538,3 491,192,634,417,9 522,161,607,289,3 803,53,894,191,3 807,267,901,406,3 829,693,934,841,3 859,1003,975,1159,3
C:\Module89_unicorn3\chessDetection/custom_dataset/train/4d7820ad9fb4fe69d5168e1d7317dd02_jpg.rf.877766bf8a749843720f86abf3056207.jpg 1493,275,1652,551,5 1163,366,1276,564,7 835,961,971,1180,7 1111,21,1226,197,8 1008,501,1133,690,8 1457,988,1584,1157,4 1346,394,1453,544,4 1195,661,1298,820,4 1051,832,1170,988,4 1001,293,1111,434,4 957,162,1059,311,4 1172,117,1276,322,6 657,636,796,840,6 653,82,771,324,9 414,971,563,1193,10 655,353,778,538,10 675,495,789,685,2 309,110,449,305,2 348,45,463,210,11 258,418,417,695,1 790,44,894,193,3 512,159,616,302,3 484,395,585,533,3 477,521,586,673,3 452,836,572,994,3
C:\Module89_unicorn3\chessDetection/custom_dataset/train/4de23afff63bc169b4ebe547a9c9b692_jpg.rf.3c9bf54ca2de480c19e30d7808e4a2f6.jpg 1378,749,1525,935,6 1533,365,1697,642,5 1166,282,1290,525,0 1633,914,1801,1098,8 1157,10,1255,170,8 1316,125,1407,270,4 1335,239,1436,381,4 1380,480,1491,627,4 1396,621,1504,769,4 1254,935,1371,1097,4 1015,18,1108,166,4 1018,342,1114,485,4 1156,92,1262,277,7 849,444,965,642,7 679,288,812,522,9 451,924,589,1104,11 362,1,483,151,11 276,366,427,630,1 259,576,389,763,2 693,174,804,351,10 257,730,409,926,10 845,341,945,486,3 536,10,637,151,3 541,227,641,369,3 499,490,621,633,3 483,633,597,774,3 480,770,598,920,3 866,931,978,1093,3
C:\Module89_unicorn3\chessDetection/custom_dataset/train/4eb630d4dd38528dacf72355caf5c06d_jpg.rf.192a83d78be33d7b7f4a5bdc1b47702f.jpg 821,122,942,314,10 400,976,562,1194,10 250,415,425,708,1 637,89,773,329,9 335,32,478,212,11 315,108,449,309,2 664,484,795,687,2 785,43,901,187,3 504,157,613,296,3 472,383,589,539,3 450,830,568,991,3 475,517,591,681,3 1487,269,1659,552,5 1165,359,1286,566,7 829,967,975,1177,7 1110,18,1220,195,8 1005,503,1132,693,8 1173,117,1272,322,6 672,643,800,848,6 1005,290,1103,438,4 951,166,1055,306,4 1353,401,1460,553,4 1465,995,1586,1160,4 1190,655,1295,829,4 1053,825,1171,994,4
C:\Module89_unicorn3\chessDetection/custom_dataset/train/53de0674524ae6d77bdfff48136dec2a_jpg.rf.e3110b74dc7e779b42cf28f66c70a5d5.jpg 1170,117,1277,316,6 1493,278,1661,546,5 427,771,571,986,7 650,493,787,697,7 1458,1001,1582,1162,4 1351,396,1461,550,4 1194,660,1298,817,4 1049,833,1170,1000,4 1117,23,1223,198,8 988,386,1104,559,8 346,37,460,206,11 809,175,908,327,4 262,283,431,559,1 401,976,571,1188,10 316,92,448,308,2 649,78,779,331,9 508,155,612,303,3 477,388,587,544,3 475,522,593,676,3 670,693,788,852,3
C:\Module89_unicorn3\chessDetection/custom_dataset/train/54a90aab8c73562975cc560d51a9d2d1_jpg.rf.27c69714af4c78fdd6f390a4def1e4a3.jpg 1002,452,1134,705,0 1163,359,1274,558,7 1240,794,1381,1006,7 1492,279,1654,548,5 1446,32,1561,205,8 1655,980,1817,1171,8 1459,991,1589,1158,4 1344,393,1452,550,4 1134,169,1225,313,4 1191,668,1302,815,4 1053,832,1169,988,4 1002,286,1100,445,4 1285,16,1394,209,6 671,637,793,839,6 348,31,463,206,11 262,416,410,686,1 655,358,777,548,10 259,653,407,846,10 325,111,444,303,2 227,809,365,1001,2 486,193,635,414,9 510,160,611,297,3 796,50,897,189,3 810,270,903,416,3 485,394,580,539,3 475,529,586,680,3 458,837,574,996,3
C:\Module89_unicorn3\chessDetection/custom_dataset/train/5758322233deed7ae7adc23536db2a4f_jpg.rf.8999db6b1f2c3f65d582bc066a6c55c5.jpg 862,506,972,684,7
C:\Module89_unicorn3\chessDetection/custom_dataset/train/5825608dccde6544eef91822136079d0_jpg.rf.7c4ac226ecdf109b9b74f91cefc46dde.jpg 1535,370,1660,548,10
C:\Module89_unicorn3\chessDetection/custom_dataset/train/59727dce26aaa6100078810b61404069_jpg.rf.d0c247bc8da0897e492a48e773adf35c.jpg 1023,332,1140,560,0
C:\Module89_unicorn3\chessDetection/custom_dataset/train/5a8433ec79c881f84ef19a07dc73665d_jpg.rf.2f0c3c38d635f03ea39475fd078c3414.jpg 1030,365,1134,554,2
C:\Module89_unicorn3\chessDetection/custom_dataset/train/5cecd3b3946aac5c713a51e0bd4617c9_jpg.rf.b0e3d523923d0224d5f5faa66949b7aa.jpg 1488,268,1655,551,5 1439,33,1557,204,8 1575,639,1722,821,8 1238,796,1373,1010,6 1161,364,1280,556,6 1001,459,1134,706,0 1005,289,1098,438,4 1461,992,1581,1156,4 1348,395,1452,548,4 1184,666,1303,822,4 1047,837,1168,995,4 948,170,1057,310,4 1160,116,1290,319,6 665,642,806,835,6 641,81,775,327,9 345,38,465,202,11 408,984,569,1188,10 658,356,779,538,10 674,495,785,677,2 325,113,444,303,2 254,421,426,704,1 805,46,894,198,3 806,264,905,417,3 510,159,612,306,3 483,388,588,542,3 478,524,587,680,3 454,835,572,997,3
C:\Module89_unicorn3\chessDetection/custom_dataset/train/5e71cb8d41c333a18e799ef0004b040c_jpg.rf.57a1424a00d13826fe3e771dd404ceff.jpg 871,987,988,1175,6
C:\Module89_unicorn3\chessDetection/custom_dataset/train/614811e933a680fd6535ac8bf06bf530_jpg.rf.ace44d36688dfecc17409089f7d0720f.jpg 860,505,964,693,6
C:\Module89_unicorn3\chessDetection/custom_dataset/train/614aadadb4a7f5b475b027b8e11398ee_jpg.rf.e3506223ffe7f4878bc357cdc1f33cd2.jpg 316,113,449,303,2 679,492,783,673,2 409,971,556,1185,10 661,356,783,539,10 643,81,773,319,9 252,424,412,696,1 343,39,465,212,11 801,41,896,189,3 456,837,569,992,3 473,527,595,674,3 481,391,588,540,3 513,148,617,304,3 1173,121,1277,322,6 678,642,791,838,6 836,963,973,1173,7 1161,364,1279,558,7 1494,268,1658,539,5 1117,27,1221,195,8 1547,511,1691,688,8 1458,998,1583,1155,4 1357,393,1453,543,4 960,168,1047,306,4 1012,291,1098,436,4 1192,660,1300,817,4 1060,838,1164,992,4
C:\Module89_unicorn3\chessDetection/custom_dataset/train/61567b97353acc18ba9e8aac0f111326_jpg.rf.69222b87f379416d71b28d07b4914777.jpg 486,192,634,417,9 1500,280,1656,540,5 1280,14,1388,203,6 1444,38,1555,197,8 1352,403,1453,541,4 1656,983,1817,1168,8 1457,1005,1582,1154,4 1260,819,1397,1000,7 1191,379,1300,561,7 1000,457,1129,696,0 1052,841,1165,993,4 1176,674,1276,825,4 1137,172,1225,308,4 1004,55,1079,194,4 1005,291,1099,430,4 687,546,782,693,4 680,643,794,833,6 260,425,404,691,1 351,38,456,202,11 660,364,781,540,10 259,658,400,840,10 327,113,436,304,2 222,815,360,1004,2 516,163,604,289,3 479,391,583,529,3 445,838,562,995,3 479,529,583,673,3 804,51,893,189,3 810,264,900,408,3 837,692,933,839,3
C:\Module89_unicorn3\chessDetection/custom_dataset/train/6179b463c8f503445e213b706d2a4de5_jpg.rf.8882e7b1020797df38ea13e02e43a69c.jpg 863,669,974,839,11
C:\Module89_unicorn3\chessDetection/custom_dataset/train/6403b91d63799cb9b5531c47b195d088_jpg.rf.77da8d8e3bc7557ac1396d597f5759c5.jpg 1038,610,1168,842,9
C:\Module89_unicorn3\chessDetection/custom_dataset/train/6589f4cfb37439d7d276f0d70f7ee1f0_jpg.rf.8d4dabde24fa1a51f62ebf8ae0ce02e6.jpg 1419,681,1595,963,5 1663,921,1825,1125,8 856,436,1012,625,7 1192,275,1328,527,0 1369,228,1480,389,4 1048,337,1150,487,4 1257,621,1359,777,4 1274,890,1420,1088,11 1019,80,1147,276,10 513,352,665,630,1 414,1,535,129,11 720,264,834,507,9 874,324,988,487,3 574,1,680,137,3 572,202,679,355,3 508,747,626,900,3
C:\Module89_unicorn3\chessDetection/custom_dataset/train/65ba27557c78850168b1df70a3ce4ff7_jpg.rf.223d0d2c45a4796a00809534807bfea2.jpg 1655,978,1811,1171,8 1266,878,1431,1163,5 1143,331,1287,571,0 1334,276,1436,421,4 1217,674,1335,825,4 1002,386,1105,536,4 642,424,798,695,1 294,259,429,427,11 494,51,610,193,3 674,175,782,324,3 827,393,934,540,3 460,836,582,1004,3
C:\Module89_unicorn3\chessDetection/custom_dataset/train/66f3c2c7c10a9263de9c6e056ba5c1b9_jpg.rf.9e391887b9da6213f12999e1628558bb.jpg 1199,570,1366,845,5 1639,976,1809,1171,8 1154,308,1277,572,0 1336,274,1434,420,4 994,391,1099,544,4 637,423,792,704,1 498,50,611,198,3 823,388,931,540,3 450,838,591,1001,3
C:\Module89_unicorn3\chessDetection/custom_dataset/train/673bcd0d44f495fbe9dd88d5cacfceb3_jpg.rf.4c5902b014a2bdaf3057a3c74b6a44a2.jpg 997,1,1101,206,9
C:\Module89_unicorn3\chessDetection/custom_dataset/train/675619f2c8078824cfd182cec2eeba95_jpg.rf.223c4b81b8fa7e3bd7a24577a10a5382.jpg 1013,128,1116,310,10
C:\Module89_unicorn3\chessDetection/custom_dataset/train/699edbacbfee5e6d4d6d2189bc88990a_jpg.rf.26706a6cf9de8ec15a6bdb7e53e6173c.jpg 863,646,977,842,7
C:\Module89_unicorn3\chessDetection/custom_dataset/train/6ba74e310dd824af891d057d674cedb9_jpg.rf.d5ce8eb38bcd1353757d902b6c07c670.jpg 1498,282,1658,547,5 1003,464,1133,702,0 1280,17,1391,206,6 1450,37,1556,195,8 1656,983,1817,1169,8 1456,999,1583,1152,4 1238,795,1381,1002,7 1180,372,1298,560,7 1353,403,1451,541,4 1140,173,1233,312,4 1008,290,1100,431,4 1196,669,1294,816,4 1058,840,1165,990,4 683,550,780,684,4 676,649,795,841,6 513,160,605,303,3 508,191,628,417,9 261,425,408,685,1 257,654,407,840,10 310,118,447,300,2 228,815,360,1003,2 663,360,787,539,10 338,32,468,207,11 799,45,894,191,3 807,269,904,416,3 482,394,583,535,3 473,532,585,674,3 441,838,564,993,3 832,694,929,841,3
C:\Module89_unicorn3\chessDetection/custom_dataset/train/6bb6f7cb96bf37230681d12ff7882f61_jpg.rf.f367c0f54253444f9c2f8f8968a1a47f.jpg 1236,653,1359,837,7
C:\Module89_unicorn3\chessDetection/custom_dataset/train/6f0a888f9e5aed9516e336fd04723ce1_jpg.rf.284ac83a4d78d901e17b6ca1f8d6222a.jpg 373,6,476,195,10
C:\Module89_unicorn3\chessDetection/custom_dataset/train/6f0de9b594de9f9b92c6a20daa51a28a_jpg.rf.bc6c392807dacf7a8a84cae9c09acd03.jpg 1038,504,1144,694,7
C:\Module89_unicorn3\chessDetection/custom_dataset/train/759a86e63667ca033255c4ab438dd392_jpg.rf.7ce77a0061d42d49bf91a4329cafdc59.jpg 865,1018,995,1199,8
C:\Module89_unicorn3\chessDetection/custom_dataset/train/76d01bada90581f55f1ae64c062cafcf_jpg.rf.d8d268060aa9f6fd260d483b10ac6a04.jpg 430,772,572,991,10 1493,279,1660,556,5 1113,23,1230,203,8 978,217,1097,417,6 809,176,912,321,4 1356,400,1451,554,4 1187,658,1298,823,4 1055,834,1167,994,4 856,781,1001,994,10 841,483,963,696,2 259,273,414,558,1 833,21,945,196,11 648,83,769,325,9 507,156,612,305,3 471,394,593,545,3 658,377,770,534,3 673,679,787,851,3
C:\Module89_unicorn3\chessDetection/custom_dataset/train/76dbe2ccf986a2a0d399d3d8a47279ad_jpg.rf.581770ac7f3816d67c2431339bc65592.jpg 1647,912,1798,1099,8 1559,540,1745,809,5 1162,280,1288,522,0 831,449,966,636,7 1381,483,1483,629,4 1339,239,1434,384,4 1220,614,1327,773,4 1017,345,1103,495,4 700,10,790,163,4 684,281,805,519,9 475,371,630,643,1 673,572,789,777,10 839,724,968,931,2 984,85,1096,281,10 1242,888,1392,1090,11 369,1,483,151,11 840,347,941,489,3 531,14,633,146,3 535,226,639,367,3 478,762,601,921,3
C:\Module89_unicorn3\chessDetection/custom_dataset/train/76e118acf05a8ebe06957f8882cc06aa_jpg.rf.355e39cef189edb061cf20d6e59d42db.jpg 858,922,1000,1191,5
C:\Module89_unicorn3\chessDetection/custom_dataset/train/79e744a68d6e6f83be0a9e8761ea66a4_jpg.rf.433e4079f552b8e2c261a6a3052f30cd.jpg 1034,468,1155,700,0
C:\Module89_unicorn3\chessDetection/custom_dataset/train/7df16cd59fb40e0691948cc805e4801b_jpg.rf.c439322b6c3c711ba67ace0c0f3ebffe.jpg 854,268,960,429,11
C:\Module89_unicorn3\chessDetection/custom_dataset/train/7ee8d13861bdc45e40a7cfe190a8d8a6_jpg.rf.67d658f56e627e74416bc18ec92107c2.jpg 634,81,784,328,9 314,111,443,300,2 341,37,471,210,11 261,278,419,559,1 395,972,571,1199,10 502,146,624,309,3 476,386,591,540,3 474,521,595,682,3 670,694,796,850,3 1491,272,1664,545,5 1166,125,1288,318,6 421,763,577,988,7 648,487,786,712,7 1112,22,1228,196,8 983,379,1114,564,8 800,177,904,333,4 1353,389,1452,547,4 1059,827,1180,998,4 1180,653,1297,825,4
C:\Module89_unicorn3\chessDetection/custom_dataset/train/81f5c542ffe0f9eae4df59d29acbcced_jpg.rf.99b5d8d7a1f3fa6cbb6e9ecfb5e3d8b3.jpg 396,973,578,1192,10 832,481,967,697,2 649,79,775,330,9 258,262,421,566,1 337,33,462,213,11 508,161,617,311,3 465,390,582,539,3 469,522,594,675,3 660,680,792,847,3 1482,261,1663,555,5 1118,35,1227,208,8 657,378,784,565,8 643,497,782,702,7 435,769,570,990,7 981,219,1103,432,6 800,174,905,322,4 1350,397,1455,541,4 1187,656,1303,823,4 1057,835,1176,996,4
C:\Module89_unicorn3\chessDetection/custom_dataset/train/859e7157c6d544236a67463c08169b6e_jpg.rf.bdb4426cf64b8f8c1e1d693a1df74b76.jpg 1530,296,1680,519,0 1538,378,1696,637,5 1509,207,1615,383,6 1588,594,1709,770,6 1474,107,1587,270,7 1619,757,1767,926,7 1470,24,1571,163,8 1652,922,1793,1090,8 1462,940,1566,1079,4 1431,777,1535,910,4 1407,634,1510,765,4 1388,491,1478,621,4 1361,358,1450,488,4 1336,249,1428,378,4 1324,138,1409,264,4 1315,18,1393,151,4 324,268,454,496,9 289,368,426,632,1 343,192,445,368,2 267,578,388,766,2 351,94,466,260,10 254,764,390,945,10 378,1,479,146,11 216,933,362,1119,11 533,20,623,141,3 532,130,624,253,3 532,242,620,374,3 514,356,616,489,3 506,493,617,631,3 488,635,598,770,3 489,768,594,914,3 469,931,574,1084,3
C:\Module89_unicorn3\chessDetection/custom_dataset/train/8678864272a0a04c4c65ca96324105b4_jpg.rf.90118317e342f59a5e18a9c460e72a99.jpg 1019,179,1101,307,4
C:\Module89_unicorn3\chessDetection/custom_dataset/train/871597c145446cf58c1c2dd7db988864_jpg.rf.6cecb51bef82f71cd395832fa16411ba.jpg 634,78,774,325,9 342,38,472,215,11 323,107,450,306,2 265,280,417,561,1 406,970,577,1192,10 503,150,613,300,3 474,390,582,536,3 468,522,595,674,3 674,694,796,851,3 1493,274,1668,550,5 1113,22,1235,200,8 973,211,1100,421,6 982,387,1110,559,8 645,482,795,701,7 421,771,568,984,7 807,167,908,319,4 1052,835,1170,991,4 1348,393,1456,546,4 1195,665,1306,820,4
C:\Module89_unicorn3\chessDetection/custom_dataset/train/889c420fb266b8d0e817306110042bda_jpg.rf.02d22a79820be51228296021ad0b6bbb.jpg 840,261,959,436,11 646,427,796,703,1 821,392,929,543,3 672,173,780,322,3 500,51,604,195,3 463,846,583,1003,3 1264,883,1430,1168,5 1652,981,1812,1171,8 1152,322,1282,571,0 1343,278,1431,423,4 1006,391,1100,535,4 1222,675,1330,828,4
C:\Module89_unicorn3\chessDetection/custom_dataset/train/8967433350d3b3043902603430fccaab_jpg.rf.0e119efea84f75200b18702781a169ba.jpg 1501,285,1649,543,5 1546,439,1695,669,0 1600,656,1741,827,7 1506,256,1636,420,7 1619,803,1753,994,6 1468,119,1570,308,6 1434,37,1544,194,8 1658,986,1818,1168,8 1465,1004,1581,1152,4 1429,812,1538,960,4 1382,678,1486,818,4 1378,522,1477,659,4 1332,403,1446,541,4 1336,300,1434,438,4 1293,178,1388,312,4 1296,55,1381,193,4 293,330,433,568,9 254,426,407,692,1 287,255,410,421,10 244,653,403,840,10 319,104,440,299,2 218,811,357,1007,2 343,46,458,206,11 197,1013,354,1203,11 497,58,597,194,3 511,162,610,305,3 482,281,586,422,3 476,398,584,537,3 476,525,591,675,3 428,1027,553,1176,3 440,833,561,992,3 829,688,937,843,3
C:\Module89_unicorn3\chessDetection/custom_dataset/train/8bb72e70f0560095885586deba37a524_jpg.rf.436c6acb4c9d0a040b6a86ad0a41e770.jpg 1061,848,1163,989,4
C:\Module89_unicorn3\chessDetection/custom_dataset/train/8d6f722eadc015a393bd490f9b7a85e6_jpg.rf.85a7f0c7d2d1b7ce90664ff35b84fe8d.jpg 632,292,768,558,1 1007,565,1163,842,5 462,839,582,1000,3
C:\Module89_unicorn3\chessDetection/custom_dataset/train/8d796de64b9eed1ffd5ebe550d4ca807_jpg.rf.bcadbba8ab4a943a30062047dd9951be.jpg 357,20,478,193,10
C:\Module89_unicorn3\chessDetection/custom_dataset/train/8dd12470c30e3b265e8933a6fee7ad28_jpg.rf.a583ec04d3044992cfd9acbebea7aa95.jpg 1003,24,1099,202,10
C:\Module89_unicorn3\chessDetection/custom_dataset/train/8de03901c64a80070048ead3fb0d32bd_jpg.rf.d4cd4d7336cee96c7c01731c6f3b81cd.jpg 1659,979,1817,1166,8 1499,271,1652,550,5 1446,35,1558,201,8 1002,460,1123,702,0 1239,798,1369,1002,7 1166,366,1278,555,7 1464,994,1580,1155,4 1190,667,1294,810,4 1057,838,1165,988,4 1352,402,1454,548,4 1000,291,1107,438,4 1128,167,1232,311,4 1283,16,1390,204,6 676,646,793,844,6 317,113,440,304,2 352,44,457,205,11 256,421,409,690,1 642,80,769,324,9 656,363,779,545,10 257,656,407,840,10 223,808,365,1006,2 457,841,569,996,3 467,529,595,677,3 478,390,581,541,3 505,162,612,311,3 796,45,896,191,3 808,267,912,410,3
C:\Module89_unicorn3\chessDetection/custom_dataset/train/8f84f1945fd993facc3368d13345f333_jpg.rf.3286223477d0f45d03a6a9854b7ff4a6.jpg 1250,970,1395,1162,11 1654,976,1806,1162,8 1400,731,1568,1017,5 1146,327,1288,569,0 1339,279,1435,423,4 1214,676,1326,833,4 999,393,1099,533,4 481,646,610,840,8 646,429,800,695,1 289,261,426,434,11 827,392,929,540,3 681,179,780,327,3 500,50,600,192,3 461,846,583,995,3
C:\Module89_unicorn3\chessDetection/custom_dataset/train/8ff64b3f770bfe96bdffc629efd16460_jpg.rf.f14ad67cdd66b17692929139aef233d6.jpg 1677,986,1844,1159,10
C:\Module89_unicorn3\chessDetection/custom_dataset/train/9146a6989dac08f1769e677064ebfb49_jpg.rf.21c3f74a60d73237ceb25280df5cebe8.jpg 866,645,976,834,6
C:\Module89_unicorn3\chessDetection/custom_dataset/train/92992ff9c823e0420bf17e71db9ef4ef_jpg.rf.73292c1560eefbd1a84212b43be8d424.jpg 1054,803,1175,1000,10
C:\Module89_unicorn3\chessDetection/custom_dataset/train/93557fc861304f7753089c244bc1e33e_jpg.rf.15d07a278e4c1061b2d99a2b95ff9921.jpg 1147,10,1256,178,8 1645,913,1797,1103,8 1538,372,1699,644,5 1152,283,1294,518,0 1315,129,1406,267,4 1338,240,1432,387,4 1376,472,1484,626,4 1221,620,1324,767,4 1003,342,1113,489,4 1013,22,1107,159,4 1159,93,1259,275,7 825,447,967,637,7 666,290,811,523,9 365,1,486,154,11 451,928,594,1115,11 262,363,423,632,1 240,574,394,763,2 689,176,812,362,10 258,734,417,931,10 842,338,944,483,3 536,7,629,147,3 536,222,635,371,3 478,760,599,925,3 849,927,974,1088,3
C:\Module89_unicorn3\chessDetection/custom_dataset/train/969daa72bd7804ea1212e191820249b0_jpg.rf.9ac5120ab4af0484ace560bea2c39a7c.jpg 1505,294,1675,562,5 496,14,612,179,8 262,276,425,562,1 848,381,951,552,11 844,496,969,689,2 671,694,788,845,3 510,155,613,305,3 480,387,589,540,3 658,533,768,680,4 1164,395,1257,543,4 1058,833,1165,992,4
C:\Module89_unicorn3\chessDetection/custom_dataset/train/97aeb1f9b745a929e9ac0848acb53a1a_jpg.rf.a37313f9380bde8e4827749f1dba6d7c.jpg 1146,291,1295,525,0 1523,371,1702,645,5 1640,891,1796,1100,8 1143,9,1251,161,8 1144,96,1273,274,7 838,443,975,636,7 1318,132,1412,270,4 1340,243,1435,388,4 1381,471,1483,633,4 1224,614,1339,766,4 1005,341,1109,485,4 1015,18,1116,165,4 666,289,816,522,9 462,419,596,626,2 686,167,808,355,11 260,720,416,930,11 262,364,426,645,1 352,1,485,150,11 437,919,593,1114,11 528,10,629,148,3 481,764,597,923,3 534,223,649,378,3 840,341,944,488,3 857,928,974,1095,3
C:\Module89_unicorn3\chessDetection/custom_dataset/train/9962a4d44388b9008aa0f466e4f4052c_jpg.rf.faa4d33a45e46b53fcc8f751377a8160.jpg 1154,278,1297,520,0 1566,521,1737,803,5 1632,903,1797,1104,8 1376,480,1479,633,4 1329,245,1438,381,4 1309,131,1405,268,4 1020,26,1112,160,4 1004,337,1108,493,4 1218,610,1339,772,4 838,446,968,634,7 362,1,486,153,11 457,927,592,1115,11 470,371,624,643,1 987,91,1098,287,10 263,729,419,926,10 842,732,967,922,2 680,279,809,522,9 840,344,943,486,3 529,6,638,152,3 535,226,638,371,3 474,768,595,924,3 852,933,980,1091,3
C:\Module89_unicorn3\chessDetection/custom_dataset/train/998222d9c93f1640829d4f0032dbf3e8_jpg.rf.28adf4b8b45dc5d0011897ab15e9419f.jpg 686,247,791,423,10
C:\Module89_unicorn3\chessDetection/custom_dataset/train/99ee6574b2a7afc0bb06269bbcf49a4c_jpg.rf.64986b73afba1223e13eadbd9b0fdb27.jpg 1017,147,1119,325,7
C:\Module89_unicorn3\chessDetection/custom_dataset/train/9a6b61a6d3b3e3ecddc201b097aa02d1_jpg.rf.d5534a244c0a9972da49c08b89f83f75.jpg 848,26,937,201,6
C:\Module89_unicorn3\chessDetection/custom_dataset/train/9c153a9c9798dab948d4260eb109b315_jpg.rf.8db7f32aeb3c84a69b2a7d79b921fc5b.jpg 1535,379,1660,558,10
C:\Module89_unicorn3\chessDetection/custom_dataset/train/9c5fb0c3cfd7b334a247cd87c139e8e6_jpg.rf.588e9ea4bfffb48edc0f99b7af98c96f.jpg 1534,304,1674,513,0 1543,379,1699,633,5 1510,210,1620,380,6 1585,591,1707,771,6 1473,110,1589,266,7 1618,752,1770,919,7 1471,23,1571,161,8 1654,925,1801,1098,8 1306,24,1392,152,4 1322,131,1404,262,4 1344,245,1430,376,4 1364,356,1452,491,4 1381,490,1482,619,4 1411,623,1506,768,4 1435,775,1537,915,4 1459,941,1570,1080,4 322,265,452,497,9 287,370,425,629,1 271,579,387,765,2 342,193,447,371,2 354,95,465,256,10 249,766,389,944,10 463,945,579,1088,3 471,776,599,917,3 489,639,596,773,3 516,496,619,634,3 515,359,622,493,3 542,246,630,375,3 540,131,632,252,3 541,16,631,150,3 381,2,478,145,11 223,925,361,1117,11
C:\Module89_unicorn3\chessDetection/custom_dataset/train/9d776e74e90c4f8092b060dd7567e2f8_jpg.rf.b70c4c285edf5789719b8f7bddac3ddc.jpg 1430,687,1602,956,5 1682,920,1822,1111,8 1275,895,1410,1085,11 1034,83,1136,273,10 1194,278,1336,520,0 1382,241,1474,381,4 1415,484,1527,628,4 1260,617,1365,765,4 1051,335,1150,483,4 877,443,1005,628,7 884,336,984,474,3 709,274,852,509,9 511,355,658,622,1 415,1,537,137,11 581,1,675,129,3 578,209,682,352,3 504,750,623,904,3
C:\Module89_unicorn3\chessDetection/custom_dataset/train/9e943906fba1ec89edfacb2dd7976504_jpg.rf.aa1f7ea2f8c95e89aa701d9f87056330.jpg 847,41,955,211,7
C:\Module89_unicorn3\chessDetection/custom_dataset/train/9fc54a45feb5b01db8f6828d181fb075_jpg.rf.04e7c11036b566a522bc317e86e5ab6a.jpg 1005,130,1101,314,2
C:\Module89_unicorn3\chessDetection/custom_dataset/train/a20eb4bb3cea2e394cfcf9ed969b628e_jpg.rf.9d2528623e7939a30ec82e76cac3df47.jpg 679,505,795,685,10
C:\Module89_unicorn3\chessDetection/custom_dataset/train/a4028b2361ce7ead654a86b07ac39d52_jpg.rf.03a20a2a674a95ceb6c61a5e531e8ca6.jpg 1246,962,1395,1152,8 1658,973,1814,1166,8 1385,735,1569,1015,5 1152,325,1278,566,0 1338,271,1439,428,4 1220,672,1335,836,4 995,391,1093,538,4 475,645,622,842,7 460,428,607,702,1 465,844,584,996,3 294,264,426,425,11 502,51,604,192,3 674,173,778,320,3 832,396,934,547,3
C:\Module89_unicorn3\chessDetection/custom_dataset/train/a4ebf4c268d80c4fe329331ea981b3a1_jpg.rf.d7e764e24afbdced1e4f8848f249bdfc.jpg 846,451,975,636,7 1017,19,1112,163,4 1637,913,1808,1106,8 1560,531,1739,806,5 1163,277,1293,526,0 1378,485,1480,630,4 1341,246,1432,388,4 1008,349,1109,489,4 1224,620,1330,768,4 1238,888,1388,1083,11 370,1,492,162,11 683,285,804,524,9 480,378,628,646,1 841,727,967,924,2 988,96,1097,278,10 669,584,800,778,10 844,342,944,484,3 532,9,632,150,3 543,224,638,373,3 479,760,597,920,3
C:\Module89_unicorn3\chessDetection/custom_dataset/train/a5c65b40e0be3480c0ecfacaab399a87_jpg.rf.667ef27bf19775d48f8acf8dad04fa26.jpg 1491,266,1658,552,5 1170,122,1288,315,6 1114,23,1225,198,8 971,139,1091,313,8 1355,393,1453,546,4 1455,994,1584,1158,4 1190,652,1302,820,4 1048,822,1175,996,4 807,172,905,315,4 836,249,970,437,7 424,775,589,981,7 255,419,419,700,1 306,111,453,307,2 661,481,799,686,2 339,42,472,226,11 634,80,779,328,9 403,970,562,1195,10 509,146,618,302,3 471,392,590,534,3 464,519,600,677,3 665,694,793,867,3
C:\Module89_unicorn3\chessDetection/custom_dataset/train/a8847f8fe8eaaa1c97bf83027a901760_jpg.rf.116b33357951f46fbbe0d5437561f61b.jpg 859,778,998,998,10 259,277,417,558,1 644,79,771,323,9 829,496,967,692,2 808,132,931,304,11 848,377,959,521,3 496,156,627,313,3 479,390,587,542,3 670,687,781,859,3 491,13,618,191,8 427,776,586,997,7 991,223,1093,422,6 1492,275,1662,549,5 1353,391,1454,546,4 1058,825,1165,995,4 1194,659,1301,821,4
C:\Module89_unicorn3\chessDetection/custom_dataset/train/a932287da44b9dfacd0d16a5c1d27923_jpg.rf.b0950400898d51ce08945ad5c770ab03.jpg 238,988,373,1196,10
C:\Module89_unicorn3\chessDetection/custom_dataset/train/a9768de3fceeeae2618f362870fb9a88_jpg.rf.055c7088ca1c11c42bcafa4950f2572f.jpg 1547,437,1701,675,0 1502,294,1655,540,5 1504,254,1639,419,7 1593,661,1749,825,7 1473,122,1577,306,6 1621,809,1754,990,6 1430,27,1539,197,8 1662,990,1817,1166,8 1466,1003,1587,1155,4 1416,810,1544,963,4 1372,674,1484,814,4 1370,522,1476,658,4 1354,407,1453,541,4 1341,298,1437,434,4 1309,177,1395,308,4 1299,58,1385,194,4 298,328,429,562,9 256,424,404,691,1 287,257,418,413,10 259,657,396,838,10 326,114,437,298,2 225,815,362,1005,2 347,38,457,202,11 198,1012,343,1199,11 500,57,591,191,3 510,165,603,303,3 484,282,577,420,3 485,396,588,528,3 480,529,586,672,3 465,680,570,826,3 444,843,556,994,3 423,1029,553,1177,3
C:\Module89_unicorn3\chessDetection/custom_dataset/train/a9987cf6cc5c6545818ec294d4a5bb9b_jpg.rf.21f51fbefe01648bbbb01e0d207c3843.jpg 835,497,979,690,2 832,378,951,558,11 854,783,999,999,10 259,274,427,564,1 637,79,778,321,9 507,154,620,305,3 473,392,591,539,3 678,695,783,856,3 512,7,609,186,8 652,473,779,684,7 1492,272,1671,547,5 821,667,933,816,4 1152,392,1263,548,4 1051,828,1171,992,4
C:\Module89_unicorn3\chessDetection/custom_dataset/train/b0f3d66c8be13f5f6aa25b67a06bdcfa_jpg.rf.30cc54e5f0d02160a2da3f6da04a9653.jpg 1669,928,1823,1113,8 1431,686,1599,965,5 1204,290,1331,518,0 1383,242,1479,385,4 1415,485,1520,628,4 1256,619,1367,763,4 1045,338,1149,478,4 881,437,998,621,7 871,722,995,917,2 709,269,842,507,9 515,358,662,623,1 703,565,826,760,10 886,337,981,475,3 583,207,677,350,3 512,749,627,903,3 582,1,678,134,3 415,1,532,133,11 1278,890,1417,1090,11
C:\Module89_unicorn3\chessDetection/custom_dataset/train/b3b002461f1c6b432e22964549767e5f_jpg.rf.6164bf4eadfd3dcb7f7ee2a2bd0764c2.jpg 980,164,1090,338,8 1150,320,1272,565,0 1017,564,1150,842,5 1001,397,1098,534,4 632,289,770,558,1 490,498,614,692,2 832,394,928,539,3 462,841,585,1001,3
C:\Module89_unicorn3\chessDetection/custom_dataset/train/b5102d7f9740eee7754ed268becb2163_jpg.rf.28a72d037ac692cc90b96708b1b05316.jpg 855,383,960,560,7
C:\Module89_unicorn3\chessDetection/custom_dataset/train/b5bcde459ca36f0d1f3c20e751336672_jpg.rf.0c6010e1e0afa0ff49d14eef51b5e6c8.jpg 261,269,426,558,1 506,163,626,310,3 472,390,598,550,3 833,364,957,553,11 843,496,977,699,2 665,691,797,854,3 1508,310,1663,559,9 1339,286,1506,563,5 495,13,619,185,8 655,527,768,689,4 1046,831,1176,994,4 1154,390,1261,551,4
C:\Module89_unicorn3\chessDetection/custom_dataset/train/b79ae5b70de58089ead6e32b235e30d3_jpg.rf.68c670de3208dc56613dc9b9f65ec934.jpg 1492,267,1660,554,5 1176,117,1279,311,6 1107,19,1235,198,8 996,492,1141,707,8 1340,388,1457,547,4 1461,982,1585,1150,4 1052,831,1182,1002,4 1190,648,1303,821,4 801,175,905,320,4 953,168,1066,315,4 1156,354,1292,562,7 836,953,982,1178,7 644,75,779,323,9 396,971,573,1194,10 341,34,471,208,11 661,481,799,693,2 324,96,454,316,2 231,419,421,701,1 788,40,905,191,3 506,149,619,305,3 480,383,580,538,3 472,520,593,681,3 664,682,797,852,3
C:\Module89_unicorn3\chessDetection/custom_dataset/train/b7a8c7de4fe1382d69f58ac97e819b5c_jpg.rf.d3b1cfbb0c618d6afff8ea3b96c4d331.jpg 635,76,780,328,9 248,410,422,711,1 343,28,470,208,11 317,98,447,306,2 651,483,798,691,2 391,959,571,1202,10 800,42,899,197,3 501,143,620,308,3 476,386,591,552,3 464,515,599,683,3 678,688,792,858,3 1495,274,1662,547,5 1170,116,1273,317,6 824,947,978,1178,7 822,247,971,430,7 1105,25,1226,198,8 1006,506,1138,692,8 1461,989,1585,1156,4 799,176,908,320,4 954,166,1060,309,4 1353,394,1452,545,4 1188,657,1302,824,4 1048,831,1173,992,4
C:\Module89_unicorn3\chessDetection/custom_dataset/train/bb54af2f0b83b174aecc29328c8fa001_jpg.rf.38630287afd7ffe84cd9468138ab7485.jpg 689,253,793,419,10
C:\Module89_unicorn3\chessDetection/custom_dataset/train/bc5decab88861286dcf78a367b4377cb_jpg.rf.c3e51d3ab678f7b49912e57cfd3d161c.jpg 1160,17,1261,173,8 1645,905,1795,1103,8 1545,367,1697,641,5 1163,284,1295,531,0 1379,478,1487,630,4 1341,242,1436,382,4 1314,131,1404,262,4 1019,18,1114,162,4 1234,621,1328,769,4 1015,347,1112,487,4 1164,95,1251,271,7 841,446,981,638,7 839,729,975,925,2 276,361,436,638,1 685,289,817,523,9 695,177,807,361,10 254,720,422,930,10 448,924,595,1112,11 367,1,485,153,11 490,766,595,919,3 533,16,637,152,3 535,227,654,372,3 845,335,947,484,3 852,929,981,1097,3
C:\Module89_unicorn3\chessDetection/custom_dataset/train/beb11566e59775b61f0ca369952067cc_jpg.rf.726ac46a167828c2e34ad77f7abf895e.jpg 1391,733,1513,935,6 1146,15,1259,168,8 1649,908,1784,1091,8 1538,367,1699,637,5 1166,284,1285,509,0 1028,588,1135,774,6 1337,247,1431,380,4 1323,136,1404,265,4 1381,479,1477,626,4 1399,624,1501,762,4 1266,943,1372,1100,4 1210,772,1314,912,4 1009,345,1101,479,4 1022,25,1107,166,4 1150,90,1261,267,7 835,452,967,634,7 314,260,455,500,9 278,365,427,631,1 453,916,583,1105,11 363,1,484,145,11 695,1,790,154,2 258,573,386,760,2 691,178,803,367,10 272,730,411,926,10 850,344,936,484,3 830,119,928,262,3 535,8,630,148,3 530,237,627,373,3 504,491,617,623,3 495,628,590,771,3 487,767,598,919,3 864,932,976,1088,3
C:\Module89_unicorn3\chessDetection/custom_dataset/train/c0d68e012bb93c14bc333fc1d5e52621_jpg.rf.47fcf95dac60ca78902fc86cca7eab28.jpg 1068,975,1201,1169,8 1202,568,1358,838,5 1143,326,1287,580,0 988,385,1101,532,4 633,425,792,702,1 452,840,595,997,3 823,397,935,538,3
C:\Module89_unicorn3\chessDetection/custom_dataset/train/c3e9e81ba1540aae7961a4d8d96600ba_jpg.rf.deda5846f9437d81262d2e25f5808e36.jpg 995,458,1137,698,0 1497,266,1661,553,5 1543,508,1688,692,8 1455,996,1588,1159,4 1348,397,1452,547,4 1003,279,1101,440,4 1050,829,1171,998,4 1182,659,1301,817,4 952,156,1056,309,4 1112,32,1225,201,8 1172,116,1280,319,6 640,638,801,838,6 659,349,784,532,10 405,981,575,1189,10 345,33,471,209,11 636,88,777,325,9 241,413,427,704,1 318,108,445,307,2 666,490,801,689,2 797,49,898,191,3 797,259,908,412,3 505,152,612,303,3 478,381,590,541,3 472,524,596,677,3 441,827,573,991,3
C:\Module89_unicorn3\chessDetection/custom_dataset/train/c46bf04050a2a9323dfe563e8813602f_jpg.rf.634c5d0d551ab2b7c2554e4ce3c6aacb.jpg 1027,439,1151,699,1
C:\Module89_unicorn3\chessDetection/custom_dataset/train/c733616ab773817dd1a356dbbdf2ee33_jpg.rf.02fcb1d459e55b398bd4cc4edbd3bd10.jpg 1023,385,1138,554,10
C:\Module89_unicorn3\chessDetection/custom_dataset/train/c76c79e40bd9839a05237934cfa89ca3_jpg.rf.747f4292a1bb980bc392a787a773a0f1.jpg 1018,211,1128,434,9
C:\Module89_unicorn3\chessDetection/custom_dataset/train/c7890b749d14d3488066cbdfac4620fd_jpg.rf.eed3f658d1c9c65acfbcad5219f70716.jpg 1183,246,1290,424,7
C:\Module89_unicorn3\chessDetection/custom_dataset/train/ca869123d8a0cbcc6e54f4a445e5a78a_jpg.rf.de66695493176269696ee36a61dee1dc.jpg 346,38,467,208,11 254,282,428,559,1 321,104,440,303,2 639,75,781,326,9 395,975,569,1190,10 506,152,611,305,3 478,389,582,538,3 474,524,589,679,3 670,695,791,848,3 1492,270,1669,551,5 1171,115,1280,322,6 1113,18,1225,201,8 985,380,1109,563,8 429,769,579,994,7 649,496,781,704,7 811,178,915,325,4 1356,393,1452,547,4 1009,1025,1127,1187,4 1056,835,1170,992,4 1188,659,1300,821,4
C:\Module89_unicorn3\chessDetection/custom_dataset/train/cae099fe41d6aa30033d71e433c33c8d_jpg.rf.e346e0084281a8f6b63bbfeb576d1fc0.jpg 640,283,772,558,1 493,495,614,687,2 464,840,576,1001,3 986,172,1090,337,8 1011,570,1158,841,5
C:\Module89_unicorn3\chessDetection/custom_dataset/train/ce54969567273b9b8a275812ff56e16c_jpg.rf.af61be71f696438c30dc9bd87d299bd6.jpg 1156,276,1312,521,0 839,448,986,642,7 833,719,975,926,2 675,278,813,519,9 265,704,419,928,10 468,370,630,640,1 359,1,487,154,11 439,922,608,1114,11 470,766,599,914,3 530,224,647,369,3 527,9,644,151,3 853,347,948,486,3 856,929,987,1090,3 1010,21,1121,161,4 1336,243,1448,392,4 1306,127,1411,267,4 1005,341,1119,486,4 1216,613,1337,774,4 1377,478,1485,634,4 1538,363,1704,645,5 1634,909,1804,1106,8
C:\Module89_unicorn3\chessDetection/custom_dataset/train/cf2784fa97151d5316b2961b1e62dc45_jpg.rf.d728eed31f107b29e913a6b2ad1f751a.jpg 1671,924,1829,1113,8 1276,895,1411,1086,11 1430,685,1605,953,5 1202,281,1333,519,0 1409,479,1522,633,4 1378,241,1478,391,4 1266,616,1363,766,4 873,437,1004,623,7 1053,336,1143,474,4 1031,85,1143,270,10 879,890,1017,1098,10 877,719,989,913,2 722,267,842,509,9 521,351,659,629,1 429,1,525,135,11 888,337,985,476,3 577,1,681,132,3 580,209,681,354,3 506,749,630,901,3
C:\Module89_unicorn3\chessDetection/custom_dataset/train/d079f4e77b2445abceca7534356db743_jpg.rf.f7ee65ab8c16d3c9028443faaaf40ee2.jpg 1081,1025,1186,1171,4
C:\Module89_unicorn3\chessDetection/custom_dataset/train/d0cc2420bce5b14dfd39e55dc3737e57_jpg.rf.3914cdc1a02f2972d5316062da6f285f.jpg 363,34,477,196,7
C:\Module89_unicorn3\chessDetection/custom_dataset/train/d29148a2233950a7777285281cbfccff_jpg.rf.d23b4f180eb3b539d7ed88e2f4beb2cd.jpg 318,263,454,496,9 279,368,421,630,1 690,177,808,365,10 271,725,407,920,10 458,923,584,1105,11 370,1,482,148,11 263,573,387,763,2 693,1,795,144,2 854,345,936,473,3 842,130,919,260,3 544,17,629,148,3 533,239,621,373,3 511,497,618,630,3 496,631,591,773,3 492,768,592,917,3 862,933,970,1080,3 1165,90,1254,271,7 844,445,965,635,7 1548,296,1678,497,0 1544,378,1695,630,5 1158,9,1251,165,8 1651,921,1796,1099,8 1498,198,1584,380,6 1395,747,1513,937,6 1395,634,1504,765,4 1376,484,1478,627,4 1214,778,1319,918,4 1264,946,1369,1090,4 1334,250,1427,380,4 1320,136,1400,271,4 1026,27,1105,158,4 1017,344,1101,484,4
C:\Module89_unicorn3\chessDetection/custom_dataset/train/d33c33de41dbe1a95a43212c58fd12b7_jpg.rf.cdd968f5b7c71aa6ef1c732c4079c262.jpg 1456,33,1561,207,10
C:\Module89_unicorn3\chessDetection/custom_dataset/train/d3a4e1b8f13ef89f419251f5c5839d0d_jpg.rf.0c0623ed3bb8531690b2fbc7822d57bd.jpg 871,1020,974,1168,3
C:\Module89_unicorn3\chessDetection/custom_dataset/train/d415969922564f317be0d1433330626f_jpg.rf.1271853558336c8d9c5414b3a0466b8f.jpg 1406,739,1557,1008,5 1669,976,1810,1162,8 1251,967,1391,1152,11 1334,281,1435,419,4 1225,677,1331,815,4 1151,327,1282,562,0 832,502,959,692,7 1000,395,1090,533,4 659,340,794,572,9 464,440,602,708,1 294,258,422,430,11 835,399,928,535,3 677,177,778,324,3 511,53,603,193,3 464,839,580,1000,3
C:\Module89_unicorn3\chessDetection/custom_dataset/train/d494cb268ad7f9f55587de138edc1dc4_jpg.rf.b1bd99204b2ceacbda5bafa452a4d732.jpg 259,977,389,1185,10
C:\Module89_unicorn3\chessDetection/custom_dataset/train/d67b5b9e900409b050dd9bd594f90709_jpg.rf.e07557fe78a4af8f4213b7c50edcc48e.jpg 371,27,477,192,10
C:\Module89_unicorn3\chessDetection/custom_dataset/train/d795f84f39716798482fb2937868ed8a_jpg.rf.57b7e9ee15d277b2694fdb94549a1487.jpg 1495,274,1657,552,5 1170,112,1279,319,6 670,640,806,844,6 1162,361,1281,565,7 826,961,991,1183,7 1117,30,1227,204,8 1001,505,1135,695,8 1448,987,1589,1164,4 1344,394,1455,545,4 957,167,1052,315,4 803,175,917,325,4 1193,662,1307,821,4 1050,828,1180,998,4 247,417,415,703,1 405,971,560,1191,10 643,82,770,326,9 350,33,472,204,11 664,481,793,683,2 325,107,442,308,2 789,46,897,189,3 507,160,611,307,3 474,389,580,538,3 471,526,593,679,3 443,832,579,996,3
C:\Module89_unicorn3\chessDetection/custom_dataset/train/d9acc69c5d57623cda22786e309201c9_jpg.rf.d37b5a883d97f31d33db5281c8ae0395.jpg 1261,880,1436,1169,5 1640,967,1813,1169,8 1137,325,1283,578,0 1326,271,1443,429,4 994,391,1101,542,4 1208,664,1335,835,4 637,427,804,698,1 819,387,932,543,3 486,47,615,195,3 449,834,587,995,3
C:\Module89_unicorn3\chessDetection/custom_dataset/train/dd6b5c3cb2d7e77f38f1dfeb2bff0431_jpg.rf.f1dd1da676bf315e684a8e3a2ebbb82c.jpg 1535,297,1669,513,0 1547,380,1698,628,5 1495,203,1585,376,6 1586,588,1715,769,6 1467,99,1578,267,7 1617,753,1769,926,7 1471,17,1570,167,8 1650,922,1794,1097,8 1313,22,1393,154,4 1321,136,1405,265,4 1347,248,1427,376,4 1362,358,1449,492,4 1384,484,1477,618,4 1409,629,1505,764,4 1428,774,1537,915,4 1460,928,1564,1082,4 325,271,449,499,9 290,370,424,632,1 350,187,447,369,2 273,578,387,758,2 374,88,488,261,10 276,732,411,923,10 386,1,478,143,11 226,931,363,1114,11 546,17,631,146,3 541,130,625,253,3 538,243,618,374,3 523,356,612,488,3 526,492,617,626,3 498,634,594,773,3 493,775,594,916,3 463,940,579,1085,3
C:\Module89_unicorn3\chessDetection/custom_dataset/train/ddad9dc4d945006d66f5349d64498559_jpg.rf.cbac3a32273efcef96c08a2b0df10485.jpg 859,405,947,547,3
C:\Module89_unicorn3\chessDetection/custom_dataset/train/de60ba81aa78387928e4bdc11f3be301_jpg.rf.0cd8adb84fce0b83ee30a5fbdb4c1c4b.jpg 1042,613,1165,844,0
C:\Module89_unicorn3\chessDetection/custom_dataset/train/e40003d4bbcdac7196b9502bfe2fb6ed_jpg.rf.a92a3ed23c63f90ce84648a564f2a287.jpg 638,77,776,323,9 261,280,420,561,1 858,776,992,1001,10 490,16,616,183,8 814,130,932,313,11 843,489,963,699,2 515,157,613,309,3 477,388,592,544,3 664,372,775,534,3 672,688,791,853,3 425,775,570,997,7 984,221,1096,424,6 1495,270,1670,556,5 1349,400,1458,547,4 1193,652,1299,820,4 1048,831,1171,994,4
C:\Module89_unicorn3\chessDetection/custom_dataset/train/e6e3a2ff2c75970490079f00136885ad_jpg.rf.276c0ec51830ae8741a3e31c7f703638.jpg 1050,767,1180,1005,9
C:\Module89_unicorn3\chessDetection/custom_dataset/train/e79deba8fe520409790b601ad61da4ee_jpg.rf.8cd55f2548d15a4c111f0a980d3ee4fe.jpg 1026,291,1113,424,4
C:\Module89_unicorn3\chessDetection/custom_dataset/train/e8480d7fb9881d8a0e88b7be4d103f6d_jpg.rf.eba2e44135388fd198939d843dca7e13.jpg 1455,39,1577,204,10
C:\Module89_unicorn3\chessDetection/custom_dataset/train/ea799d77875c399618c45cd9409f34ee_jpg.rf.077cbf5dc80bdc0bf0f59ddd6ce6f69e.jpg 852,284,942,422,3
C:\Module89_unicorn3\chessDetection/custom_dataset/train/eb9e7928e756c3cf9164e7afc08c4653_jpg.rf.77ace05280bcb7d839ab4cf9d586dfa2.jpg 1493,265,1660,543,5 1107,21,1229,199,8 983,215,1097,420,6 812,164,909,323,4 1346,392,1451,547,4 1184,662,1303,823,4 1046,828,1167,996,4 821,792,957,1002,7 415,770,565,983,7 648,83,769,323,9 334,35,470,217,11 270,281,420,559,1 402,971,561,1191,10 841,492,962,694,2 654,370,766,534,3 507,153,608,308,3 484,385,582,542,3 669,687,785,852,3
C:\Module89_unicorn3\chessDetection/custom_dataset/train/ec4c30d88ecc70b6a3e76dbd9b17324a_jpg.rf.34d31473728f2b9a68bb71a3f40e1d6f.jpg 1386,744,1536,940,7 1641,909,1797,1098,8 1537,367,1693,643,5 1160,280,1290,529,0 1152,7,1256,167,8 1152,90,1262,270,10 841,447,967,634,10 1018,21,1113,163,4 1338,246,1438,383,4 1310,132,1406,266,4 1380,478,1484,626,4 1391,618,1503,767,4 1247,935,1380,1088,4 1013,336,1111,483,4 277,365,432,635,1 368,1,481,146,11 448,922,590,1113,11 254,570,391,762,2 315,262,453,497,9 686,175,807,363,10 263,725,408,925,10 849,343,942,483,3 535,12,633,146,3 526,235,629,381,3 507,495,613,637,3 486,633,598,773,3 479,769,594,916,3 860,926,976,1084,3
C:\Module89_unicorn3\chessDetection/custom_dataset/train/ec5ab1930d6aa16fff2582b48f82cada_jpg.rf.3164acc59bd3a1cade16f72b1f6e368a.jpg 1636,910,1792,1097,8 1552,525,1739,806,5 1159,279,1289,521,0 967,95,1101,275,10 1019,21,1115,158,4 1370,477,1479,634,4 1323,241,1437,382,4 1008,344,1106,489,4 1225,612,1337,767,4 839,446,964,635,7 251,722,406,922,10 673,283,806,515,9 473,370,630,639,1 478,768,597,922,3 449,926,591,1115,11 357,1,483,148,11 523,2,632,152,3 836,345,952,489,3 539,225,635,380,3 827,720,965,922,2 855,929,976,1091,3
C:\Module89_unicorn3\chessDetection/custom_dataset/train/edd285915356686fb53fb52c1ded0e53_jpg.rf.5104c70947989766361c9335d2f39d37.jpg 854,127,951,311,6
C:\Module89_unicorn3\chessDetection/custom_dataset/train/ef1d425fd5370fbf8b7adea43b755304_jpg.rf.4d4fe734367a2a5905da11a49184c767.jpg 1640,910,1800,1102,8 1577,529,1741,808,5 1023,19,1116,165,4 834,447,972,637,7 471,372,626,651,1 671,271,807,528,9 1157,280,1294,522,0 1310,123,1409,272,4 1329,233,1431,381,4 1377,484,1483,629,4 1217,615,1340,776,4 1002,329,1111,488,4 971,81,1104,285,10 259,721,412,929,10 439,923,612,1123,11 359,1,483,152,11 830,721,966,924,2 839,344,949,482,3 530,10,634,143,3 530,217,635,375,3 471,764,599,924,3 861,934,982,1090,3
C:\Module89_unicorn3\chessDetection/custom_dataset/train/f02d615907c77dc15f02bd1372e4398f_jpg.rf.714211d55651f47944d10b81622f1d39.jpg 1067,949,1204,1187,0
C:\Module89_unicorn3\chessDetection/custom_dataset/train/f041d3171dfe3137390c85fc5437e447_jpg.rf.21a114abb3e64a6a241b6f7bdd0d8b9a.jpg 1478,273,1661,556,5 1241,946,1414,1171,7 1294,131,1417,321,8 1375,666,1496,825,4 1006,400,1114,558,4 1035,638,1156,844,6 647,98,789,316,6 270,401,454,689,1 640,665,758,830,3 326,89,470,315,10 970,1,1093,191,2 226,776,375,986,2
C:\Module89_unicorn3\chessDetection/custom_dataset/train/f1ea0167087976926d4fe0aa36b961ce_jpg.rf.245c4d4e37e289bbd69b90b60e6ee9bc.jpg 264,396,434,695,1 1488,261,1664,556,5 976,2,1090,201,2 1032,642,1170,839,12 635,661,765,832,3 1376,662,1484,827,4 1018,398,1110,550,4 667,104,783,318,6
C:\Module89_unicorn3\chessDetection/custom_dataset/train/f2672cdc28767484b556da3ab6f1003e_jpg.rf.4397bb19b736490287e271bcf760ca16.jpg 1508,297,1676,566,5 830,371,953,559,11 835,486,970,699,2 259,269,426,565,1 658,693,793,851,3 478,381,590,540,3 488,145,616,321,8 655,530,763,686,4 1163,388,1252,552,4 1051,830,1172,1001,4
C:\Module89_unicorn3\chessDetection/custom_dataset/train/f3302c754c6fd42130014199ee327d10_jpg.rf.0bef2494f0a7ebf9afda6b7688cf68b0.jpg 372,20,469,200,7
C:\Module89_unicorn3\chessDetection/custom_dataset/train/f3a5df526393445c6e2d38f66c1f5c27_jpg.rf.5c9ad833e2df809f6a0107ca7dd020ab.jpg 239,981,367,1184,7
C:\Module89_unicorn3\chessDetection/custom_dataset/train/f52e1873b8583f8bf4f7ddf6e9649f07_jpg.rf.48248922519cd3c8f36539bc09dd8528.jpg 1671,927,1815,1114,8 1421,671,1599,963,5 1192,280,1332,515,0 1382,236,1476,382,4 1263,613,1366,770,4 1043,334,1145,482,4 864,438,1014,632,7 710,265,845,517,9 518,346,663,628,1 872,331,986,481,3 738,114,843,260,3 575,1,672,139,3 500,739,630,911,3 364,185,493,361,11 1272,888,1422,1099,11
C:\Module89_unicorn3\chessDetection/custom_dataset/train/f587402be410b424bcbbac06e1dc6162_jpg.rf.a88d82401d5b97453bc047b92048ca39.jpg 1680,972,1814,1172,7
C:\Module89_unicorn3\chessDetection/custom_dataset/train/f9a9a175f26d4b26bca3a5338cc1405e_jpg.rf.ec1a436f709ef7dc2e4f1fd3c9f6355e.jpg 1494,271,1658,548,5 1163,119,1276,315,6 1116,37,1235,198,8 993,252,1123,419,8 842,251,959,432,7 809,177,915,321,4 1354,395,1456,542,4 1190,663,1296,822,4 1456,994,1580,1155,4 1047,828,1171,998,4 834,956,983,1183,7 242,419,415,701,1 337,24,469,206,11 402,971,569,1193,10 633,80,771,329,9 319,110,438,303,2 667,487,790,686,2 979,144,1088,294,3 502,151,618,307,3 475,387,581,536,3 462,522,586,676,3 668,687,794,851,3
C:\Module89_unicorn3\chessDetection/custom_dataset/train/fa3cf2724c1648a8822b59ac0759475f_jpg.rf.8b23c032ccc0fd6484f9d390cb6a2b9c.jpg 1003,59,1117,319,1
C:\Module89_unicorn3\chessDetection/custom_dataset/train/fa4e2b9a8cf58f405f69a56c662834f2_jpg.rf.9c9fb84a36bdfc518396a26a21758f9c.jpg 1053,688,1153,835,4
C:\Module89_unicorn3\chessDetection/custom_dataset/train/fb586797e8ad818c7e3e3a6411f73d84_jpg.rf.ad548be54dbd7087c07afbaa78746786.jpg 1467,33,1569,207,7
C:\Module89_unicorn3\chessDetection/custom_dataset/train/fc9d7bc0453cb3324406401c00224d30_jpg.rf.da31aaeddba327ec61dea2b7f515e62b.jpg 1045,663,1165,835,10
C:\Module89_unicorn3\chessDetection/custom_dataset/train/IMG_0166_JPG.rf.f228ddaecf7848a0520e929807b35af4.jpg 1534,296,1680,519,0 1542,378,1699,634,5 1650,911,1797,1096,8 1467,15,1572,167,8 1495,201,1591,380,6 1391,759,1513,929,6 1386,483,1476,614,4 1405,623,1504,763,4 1264,945,1368,1083,4 1214,770,1318,917,4 1344,251,1430,378,4 1323,140,1403,262,4 1309,18,1391,153,4 1159,91,1256,271,7 1226,567,1351,757,7 1015,346,1103,485,4 326,267,448,494,9 289,365,424,630,1 276,577,388,761,2 345,188,449,367,2 692,173,812,376,10 277,716,415,924,10 872,938,978,1081,3 478,775,594,916,3 484,637,601,784,3 509,495,619,630,3 510,359,628,491,3 523,243,627,369,3 534,131,638,253,3 547,17,625,146,3 379,1,479,147,11 460,923,585,1105,11
C:\Module89_unicorn3\chessDetection/custom_dataset/train/IMG_0167_JPG.rf.661ad368ce42cadb9dc497ceaa07e777.jpg 1530,294,1681,519,0 1541,378,1692,638,5 1643,917,1795,1098,8 1470,18,1560,167,8 1497,198,1593,383,6 1392,750,1516,936,6 1309,17,1395,149,4 1346,248,1428,383,4 1323,135,1404,265,4 1403,630,1510,760,4 1386,479,1474,620,4 1271,943,1369,1086,4 1215,773,1319,922,4 1015,344,1105,480,4 1156,94,1260,267,7 854,437,967,631,7 325,263,449,493,9 290,367,421,623,1 351,187,448,369,2 273,582,385,762,2 697,181,796,374,10 272,731,409,923,10 461,924,583,1109,11 383,1,471,145,11 548,17,622,142,3 547,127,626,248,3 539,245,617,370,3 523,355,612,489,3 518,494,613,627,3 496,630,591,768,3 490,770,590,912,3 867,930,971,1084,3
C:\Module89_unicorn3\chessDetection/custom_dataset/train/IMG_0291_JPG.rf.a72d476f25b25f6ef3f768e5876c2a55.jpg 1498,296,1675,565,5 829,375,953,558,11 835,493,972,692,2 259,410,429,702,1 497,140,618,322,8 478,386,588,538,3 665,686,792,853,3 657,528,761,679,4 1159,391,1261,549,4 1052,826,1170,994,4
C:\Module89_unicorn3\chessDetection/custom_dataset/train/IMG_0292_JPG.rf.dae866a073c030671cc199d0d06353e4.jpg 833,377,956,559,11 673,692,795,846,3 473,384,589,537,3 259,417,425,701,1 325,93,439,298,2 493,143,612,317,8 656,531,768,682,4 1501,291,1677,570,5 1160,393,1262,555,4 1050,820,1171,994,4
C:\Module89_unicorn3\chessDetection/custom_dataset/train/IMG_0294_JPG.rf.b7ae411904ff022e80b90f6267535f05.jpg 1496,290,1678,577,5 255,406,441,706,1 645,519,772,689,4 1138,382,1278,558,4 1032,827,1180,1007,4 658,688,798,858,3 466,385,590,540,3 322,106,458,296,8 822,145,962,338,11
C:\Module89_unicorn3\chessDetection/custom_dataset/train/IMG_0295_JPG.rf.8abd802272b965c843eb1ecbc8df4abc.jpg 1500,294,1682,584,5 1439,139,1572,328,11 666,691,799,855,3 246,408,436,705,1 472,389,597,550,3 318,104,456,294,8 644,522,773,678,4 1034,822,1174,1007,4 1142,391,1272,556,4
C:\Module89_unicorn3\chessDetection/custom_dataset/train/IMG_0296_JPG.rf.818119ea873100bb120049c72da67cbd.jpg 1506,297,1675,574,5 1441,143,1580,332,11 422,407,624,687,1 464,386,588,540,3 654,688,792,849,3 315,104,459,289,8 658,526,773,682,4 1154,388,1268,557,4 1047,814,1169,1001,4
C:\Module89_unicorn3\chessDetection/custom_dataset/train/IMG_0297_JPG.rf.2609f7e3ad4d54b19aafc0623f5a8510.jpg 672,692,805,854,3 1501,282,1676,578,5 1439,138,1572,327,11 431,416,616,688,1 466,388,596,544,3 1149,374,1270,563,4 648,510,770,689,4 1040,825,1178,1002,4 219,498,391,705,8
C:\Module89_unicorn3\chessDetection/custom_dataset/train/IMG_0298_JPG.rf.388fb04c02f369a0c79a524343fe590c.jpg 1499,295,1677,563,5 1436,128,1569,317,11 1056,833,1169,989,4 1140,384,1264,554,4 655,516,767,687,4 665,683,790,854,3 471,388,596,553,3 239,409,442,703,1
C:\Module89_unicorn3\chessDetection/custom_dataset/train/IMG_0299_JPG.rf.7d92f1ba0929b7fc5e77848b80148fc6.jpg 1505,291,1673,563,5 1449,140,1576,316,11 258,413,422,699,1 665,692,794,851,3 473,385,587,535,3 657,518,768,683,4 1051,819,1170,991,4 1157,390,1257,546,4
C:\Module89_unicorn3\chessDetection/custom_dataset/train/IMG_0317_JPG.rf.b9135e07e62170150fc67bc1f25b0d3c.jpg 880,68,968,218,8
C:\Module89_unicorn3\chessDetection/custom_dataset/train/IMG_0318_JPG.rf.37a8faa6e2f4efc18f2113466c1ec320.jpg 866,173,959,328,8
